0 0.850734 0.194186 0.265164 0.221183
0 0.662071 0.237773 0.207707 0.168143
1 0.853673 0.306506 0.188537 0.0995776
1 0.852832 0.311274 0.232871 0.118529
1 0.840326 0.287123 0.208819 0.0912038
3 0.586316 0.892571 0.147872 0.214857
3 0.450179 0.757279 0.253402 0.249669
1 0.658531 0.333237 0.137356 0.082805
3 0.559933 0.885202 0.0931534 0.196448
3 0.621836 0.887922 0.217173 0.224155
1 0.853651 0.340074 0.230043 0.114063
3 0.551241 0.866277 0.0678272 0.152822
1 0.865084 0.389131 0.21437 0.167412
3 0.436514 0.705736 0.219057 0.192777
3 0.654703 0.836364 0.224066 0.327272
1 0.666856 0.365624 0.158117 0.153778
1 0.848955 0.27492 0.25538 0.0801088
