0 0.506766 0.124775 0.296305 0.134675
3 0.707695 0.791875 0.147291 0.131444
3 0.737717 0.778515 0.223496 0.158216
3 0.240791 0.759246 0.220545 0.159672
3 0.201418 0.743995 0.154007 0.124597
3 0.773222 0.769565 0.162527 0.141581
3 0.272538 0.76735 0.165646 0.141833
1 0.493443 0.222259 0.176752 0.0744215
1 0.503317 0.25075 0.173346 0.12099
3 0.789097 0.747019 0.130295 0.0955985
3 0.196609 0.661663 0.195525 0.304878
3 0.228773 0.666238 0.227349 0.32737
1 0.502313 0.197505 0.192835 0.041391
3 0.297932 0.65426 0.152714 0.276846
3 0.318612 0.679172 0.10686 0.123117
3 0.304758 0.766516 0.111398 0.114756
3 0.319446 0.710424 0.107342 0.175804
