0 0.685133 0.199514 0.179127 0.195268
3 0.549811 0.845091 0.16976 0.271307
1 0.680951 0.244745 0.164238 0.118117
3 0.577916 0.805696 0.111057 0.190265
1 0.687519 0.318698 0.12049 0.162196
1 0.693769 0.262399 0.146111 0.0928437
2 0.780723 0.667404 0.311119 0.586973
1 0.679602 0.34636 0.106442 0.130972
2 0.739506 0.632591 0.280487 0.515866
3 0.467355 0.769076 0.125423 0.231607
3 0.471284 0.557059 0.131588 0.25902
3 0.499686 0.208578 0.139949 0.304363
3 0.677486 0.778628 0.134723 0.180235
3 0.506618 0.829054 0.138109 0.286168
3 0.475924 0.324987 0.144156 0.251076
3 0.465788 0.348038 0.13436 0.172053
3 0.581534 0.864541 0.0872391 0.231146
