3 0.608271 0.851605 0.223113 0.220238
2 0.252745 0.467282 0.502592 0.694178
0 0.0788424 0.0621669 0.157685 0.124334
3 0.725263 0.605293 0.154697 0.264504
3 0.494739 0.350619 0.238681 0.171355
3 0.390896 0.469568 0.155325 0.149095
3 0.516141 0.697658 0.231618 0.235758
3 0.756509 0.851566 0.244088 0.295529
3 0.727368 0.512085 0.122608 0.130377
3 0.559955 0.6657 0.124796 0.138957
3 0.220318 0.522442 0.399608 0.29837
3 0.627149 0.65366 0.519576 0.685789
3 0.554471 0.947639 0.15793 0.104722
3 0.0816313 0.0633966 0.157143 0.126793
1 0.0701873 0.122025 0.140375 0.0770493
