3 0.608271 0.851605 0.223113 0.220238
2 0.252745 0.467282 0.502592 0.694178
0 0.0788424 0.0621669 0.157685 0.124334
3 0.725263 0.605293 0.154697 0.264504
3 0.494739 0.350619 0.238681 0.171355
3 0.722138 0.561689 0.140202 0.214115
3 0.390896 0.469568 0.155325 0.149095
3 0.516141 0.697658 0.231618 0.235758
3 0.756509 0.851566 0.244088 0.295529
3 0.584226 0.831914 0.270686 0.27241
3 0.465751 0.346456 0.176526 0.153951
3 0.727368 0.512085 0.122608 0.130377
3 0.553 0.673823 0.136388 0.162791
3 0.633012 0.863105 0.280059 0.267568
